
     Program PWSCF v.6.8 starts on  2Mar2022 at 19: 9:16 

     This program is part of the open-source Quantum ESPRESSO suite
     for quantum simulation of materials; please cite
         "P. Giannozzi et al., J. Phys.:Condens. Matter 21 395502 (2009);
         "P. Giannozzi et al., J. Phys.:Condens. Matter 29 465901 (2017);
         "P. Giannozzi et al., J. Chem. Phys. 152 154105 (2020);
          URL http://www.quantum-espresso.org", 
     in publications or presentations arising from this work. More details at
     http://www.quantum-espresso.org/quote

     Parallel version (MPI & OpenMP), running on    4096 processor cores
     Number of MPI processes:              1024
     Threads/MPI process:                     4

     MPI processes distributed on    16 nodes
     K-points division:     npool     =      16
     R & G space division:  proc/nbgrp/npool/nimage =      64
     89554 MiB available memory on the printing compute node when the environment starts
 
     Waiting for input...
     Reading input from standard input
Warning: card  &CELL ignored
Warning: card  CELL_DOFREE='XYZ' ignored
Warning: card / ignored

     Current dimensions of program PWSCF are:
     Max number of different atomic species (ntypx) = 10
     Max number of k-points (npk) =  40000
     Max angular momentum in pseudopotentials (lmaxx) =  4
     file Sr.pbe-spn-kjpaw_psl.1.0.0.UPF: wavefunction(s)  4P renormalized
     file Co.pbe-spn-kjpaw_psl.0.3.1.UPF: wavefunction(s)  3P 3D renormalized
     file Co.pbe-spn-kjpaw_psl.0.3.1.UPF: wavefunction(s)  3P 3D renormalized
     file O.pbe-n-kjpaw_psl.1.0.0.UPF: wavefunction(s)  2S 2P renormalized
     Message from routine setup:
     using ibrav=0 with symmetry is DISCOURAGED, use correct ibrav instead

     Subspace diagonalization in iterative solution of the eigenvalue problem:
     one sub-group per band group will be used
     scalapack distributed-memory algorithm (size of sub-group:  8*  8 procs)

 
     Parallelization info
     --------------------
     sticks:   dense  smooth     PW     G-vecs:    dense   smooth      PW
     Min         281     140     38                16549     5848     836
     Max         282     141     39                16552     5853     839
     Sum       18039    9015   2467              1059291   374473   53559
 
     Using Slab Decomposition
 


     bravais-lattice index     =            0
     lattice parameter (alat)  =      10.5182  a.u.
     unit-cell volume          =    3247.2352 (a.u.)^3
     number of atoms/cell      =           36
     number of atomic types    =            4
     number of electrons       =       336.00 (up: 168.00, down: 168.00)
     number of Kohn-Sham states=          240
     kinetic-energy cutoff     =      90.0000  Ry
     charge density cutoff     =     720.0000  Ry
     scf convergence threshold =      1.0E-06
     mixing beta               =       0.5000
     number of iterations used =            8  plain     mixing
     Exchange-correlation= SLA  PW   PBX  PBC
                           (   1   4   3   4   0   0   0)

     celldm(1)=  10.518247  celldm(2)=   0.000000  celldm(3)=   0.000000
     celldm(4)=   0.000000  celldm(5)=   0.000000  celldm(6)=   0.000000

     crystal axes: (cart. coord. in units of alat)
               a(1) = (   1.000000   0.000000   0.000000 )  
               a(2) = (   0.000000   2.848189   0.000000 )  
               a(3) = (   0.000000   0.000000   0.979749 )  

     reciprocal axes: (cart. coord. in units 2 pi/alat)
               b(1) = (  1.000000  0.000000  0.000000 )  
               b(2) = (  0.000000  0.351100  0.000000 )  
               b(3) = (  0.000000  0.000000  1.020670 )  


     PseudoPot. # 1 for Sr read from file:
     /global/cscratch1/sd/yjshin90/Cobalt_OOV/PP/Sr.pbe-spn-kjpaw_psl.1.0.0.UPF
     MD5 check sum: a3c6d0287e6b0f325c5350c23079ab60
     Pseudo is Projector augmented-wave + core cor, Zval = 10.0
     Generated using &quot;atomic&quot; code by A. Dal Corso  v.6.2.2
     Shape of augmentation charge: PSQ
     Using radial grid of 1221 points,  6 beta functions with: 
                l(1) =   0
                l(2) =   0
                l(3) =   1
                l(4) =   1
                l(5) =   2
                l(6) =   2
     Q(r) pseudized with 0 coefficients 


     PseudoPot. # 2 for Co read from file:
     /global/cscratch1/sd/yjshin90/Cobalt_OOV/PP/Co.pbe-spn-kjpaw_psl.0.3.1.UPF
     MD5 check sum: 3c0a43779828c046024e4f3be63f8e67
     Pseudo is Projector augmented-wave + core cor, Zval = 17.0
     Generated using &quot;atomic&quot; code by A. Dal Corso  v.6.2.2
     Shape of augmentation charge: PSQ
     Using radial grid of 1193 points,  6 beta functions with: 
                l(1) =   0
                l(2) =   0
                l(3) =   1
                l(4) =   1
                l(5) =   2
                l(6) =   2
     Q(r) pseudized with 0 coefficients 


     PseudoPot. # 3 for Co read from file:
     /global/cscratch1/sd/yjshin90/Cobalt_OOV/PP/Co.pbe-spn-kjpaw_psl.0.3.1.UPF
     MD5 check sum: 3c0a43779828c046024e4f3be63f8e67
     Pseudo is Projector augmented-wave + core cor, Zval = 17.0
     Generated using &quot;atomic&quot; code by A. Dal Corso  v.6.2.2
     Shape of augmentation charge: PSQ
     Using radial grid of 1193 points,  6 beta functions with: 
                l(1) =   0
                l(2) =   0
                l(3) =   1
                l(4) =   1
                l(5) =   2
                l(6) =   2
     Q(r) pseudized with 0 coefficients 


     PseudoPot. # 4 for O  read from file:
     /global/cscratch1/sd/yjshin90/Cobalt_OOV/PP/O.pbe-n-kjpaw_psl.1.0.0.UPF
     MD5 check sum: e99d9cef9b487d1ca56f5b95ecd0fd7a
     Pseudo is Projector augmented-wave + core cor, Zval =  6.0
     Generated using &quot;atomic&quot; code by A. Dal Corso  v.6.3
     Shape of augmentation charge: PSQ
     Using radial grid of 1095 points,  4 beta functions with: 
                l(1) =   0
                l(2) =   0
                l(3) =   1
                l(4) =   1
     Q(r) pseudized with 0 coefficients 


     atomic species   valence    mass     pseudopotential
        Sr            10.00    87.62000     Sr( 1.00)
        Co1           17.00    58.93320     Co( 1.00)
        Co2           17.00    58.93320     Co( 1.00)
        O              6.00    16.00000     O ( 1.00)

     Starting magnetic structure 
     atomic species   magnetization
        Sr           0.000
        Co1          0.400
        Co2         -0.400
        O            0.000


     Simplified LDA+U calculation (l_max = 2) with parameters (eV):
     atomic species    L          U    alpha       J0     beta
        Co1            2     3.0000   0.0000   0.0000   0.0000
        Co2            2     3.0000   0.0000   0.0000   0.0000



      4 Sym. Ops., with inversion, found ( 2 have fractional translation)



   Cartesian axes

     site n.     atom                  positions (alat units)
         1           Sr  tau(   1) = (   0.9883469   0.3150443   0.4865570  )
         2           Sr  tau(   2) = (   0.0116531   2.5331448   0.4931920  )
         3           Sr  tau(   3) = (   0.4883632   2.5331457   0.0033223  )
         4           Sr  tau(   4) = (   0.5116368   0.3150434   0.9764268  )
         5           Sr  tau(   5) = (   0.0116531   1.7391389   0.4931920  )
         6           Sr  tau(   6) = (   0.9883469   1.1090502   0.4865570  )
         7           Sr  tau(   7) = (   0.5116368   1.1090511   0.9764268  )
         8           Sr  tau(   8) = (   0.4883632   1.7391380   0.0033223  )
         9           Co1 tau(   9) = (   0.0000000   0.0000000   0.0000000  )
        10           Co2 tau(  10) = (   0.5000000   0.0000000   0.4898745  )
        11           Co1 tau(  11) = (   0.0000000   1.4240946   0.0000000  )
        12           Co2 tau(  12) = (   0.5000000   1.4240946   0.4898745  )
        13           Co2 tau(  13) = (   0.0577228   0.7120473   0.9439061  )
        14           Co2 tau(  14) = (   0.9422772   2.1361418   0.0358429  )
        15           Co1 tau(  15) = (   0.5577819   2.1361418   0.5257357  )
        16           Co1 tau(  16) = (   0.4422181   0.7120473   0.4540133  )
        17           O   tau(  17) = (   0.7520403   2.8205451   0.2443465  )
        18           O   tau(  18) = (   0.2479597   0.0276440   0.7354026  )
        19           O   tau(  19) = (   0.2518775   0.0276468   0.2453701  )
        20           O   tau(  20) = (   0.7481225   2.8205423   0.7343789  )
        21           O   tau(  21) = (   0.2479597   1.3964506   0.7354026  )
        22           O   tau(  22) = (   0.7520403   1.4517385   0.2443465  )
        23           O   tau(  23) = (   0.7481225   1.4517414   0.7343789  )
        24           O   tau(  24) = (   0.2518775   1.3964477   0.2453701  )
        25           O   tau(  25) = (   0.9549525   0.4075561   0.0111245  )
        26           O   tau(  26) = (   0.0450475   2.4406330   0.9686245  )
        27           O   tau(  27) = (   0.4549344   2.4406809   0.4787359  )
        28           O   tau(  28) = (   0.5450656   0.4075081   0.5010131  )
        29           O   tau(  29) = (   0.0450475   1.8316507   0.9686245  )
        30           O   tau(  30) = (   0.9549525   1.0165385   0.0111245  )
        31           O   tau(  31) = (   0.5450656   1.0165864   0.5010131  )
        32           O   tau(  32) = (   0.4549344   1.8316028   0.4787359  )
        33           O   tau(  33) = (   0.1347816   0.7120473   0.6095630  )
        34           O   tau(  34) = (   0.8652185   2.1361418   0.3701860  )
        35           O   tau(  35) = (   0.6348225   2.1361418   0.8600388  )
        36           O   tau(  36) = (   0.3651775   0.7120473   0.1197102  )

     number of k points=    40 (tetrahedron method)
                       cart. coord. in units 2pi/alat
        k(    1) = (   0.0000000   0.0000000   0.0000000), wk =   0.0092593
        k(    2) = (   0.0000000   0.0000000   0.1701116), wk =   0.0185185
        k(    3) = (   0.0000000   0.0000000   0.3402232), wk =   0.0185185
        k(    4) = (   0.0000000   0.0000000  -0.5103348), wk =   0.0092593
        k(    5) = (   0.0000000   0.1170334   0.0000000), wk =   0.0185185
        k(    6) = (   0.0000000   0.1170334   0.1701116), wk =   0.0370370
        k(    7) = (   0.0000000   0.1170334   0.3402232), wk =   0.0370370
        k(    8) = (   0.0000000   0.1170334  -0.5103348), wk =   0.0185185
        k(    9) = (   0.1666667   0.0000000   0.0000000), wk =   0.0185185
        k(   10) = (   0.1666667   0.0000000   0.1701116), wk =   0.0185185
        k(   11) = (   0.1666667   0.0000000   0.3402232), wk =   0.0185185
        k(   12) = (   0.1666667   0.0000000  -0.5103348), wk =   0.0185185
        k(   13) = (   0.1666667   0.1170334   0.0000000), wk =   0.0370370
        k(   14) = (   0.1666667   0.1170334   0.1701116), wk =   0.0370370
        k(   15) = (   0.1666667   0.1170334   0.3402232), wk =   0.0370370
        k(   16) = (   0.1666667   0.1170334  -0.5103348), wk =   0.0370370
        k(   17) = (   0.3333333   0.0000000   0.0000000), wk =   0.0185185
        k(   18) = (   0.3333333   0.0000000   0.1701116), wk =   0.0185185
        k(   19) = (   0.3333333   0.0000000   0.3402232), wk =   0.0185185
        k(   20) = (   0.3333333   0.0000000  -0.5103348), wk =   0.0185185
        k(   21) = (   0.3333333   0.1170334   0.0000000), wk =   0.0370370
        k(   22) = (   0.3333333   0.1170334   0.1701116), wk =   0.0370370
        k(   23) = (   0.3333333   0.1170334   0.3402232), wk =   0.0370370
        k(   24) = (   0.3333333   0.1170334  -0.5103348), wk =   0.0370370
        k(   25) = (  -0.5000000   0.0000000   0.0000000), wk =   0.0092593
        k(   26) = (  -0.5000000   0.0000000   0.1701116), wk =   0.0185185
        k(   27) = (  -0.5000000   0.0000000   0.3402232), wk =   0.0185185
        k(   28) = (  -0.5000000   0.0000000  -0.5103348), wk =   0.0092593
        k(   29) = (  -0.5000000   0.1170334   0.0000000), wk =   0.0185185
        k(   30) = (  -0.5000000   0.1170334   0.1701116), wk =   0.0370370
        k(   31) = (  -0.5000000   0.1170334   0.3402232), wk =   0.0370370
        k(   32) = (  -0.5000000   0.1170334  -0.5103348), wk =   0.0185185
        k(   33) = (  -0.1666667   0.0000000   0.1701116), wk =   0.0185185
        k(   34) = (  -0.1666667   0.0000000   0.3402232), wk =   0.0185185
        k(   35) = (  -0.1666667  -0.1170334   0.1701116), wk =   0.0370370
        k(   36) = (  -0.1666667  -0.1170334   0.3402232), wk =   0.0370370
        k(   37) = (  -0.3333333   0.0000000   0.1701116), wk =   0.0185185
        k(   38) = (  -0.3333333   0.0000000   0.3402232), wk =   0.0185185
        k(   39) = (  -0.3333333  -0.1170334   0.1701116), wk =   0.0370370
        k(   40) = (  -0.3333333  -0.1170334   0.3402232), wk =   0.0370370

     Dense  grid:  1059291 G-vectors     FFT dimensions: (  90, 256,  90)

     Smooth grid:   374473 G-vectors     FFT dimensions: (  64, 192,  64)

     Estimated max dynamical RAM per process >      57.31 MB

     Estimated total dynamical RAM >      49.73 GB

     Check: negative core charge=   -0.000003
     Generating pointlists ...
     new r_m :   0.1818 (alat units)  1.9119 (a.u.) for type    1
     new r_m :   0.1340 (alat units)  1.4095 (a.u.) for type    2
     new r_m :   0.1340 (alat units)  1.4092 (a.u.) for type    3
     new r_m :   0.1340 (alat units)  1.4092 (a.u.) for type    4

     The initial density is read from file :
     ./LSCO.save/charge-density

     Number of +U iterations with fixed ns =  5
     Starting occupations:
 --- enter write_ns ---
 LDA+U parameters:
U( 2)     =  3.00000000
U( 3)     =  3.00000000
atom    9   Tr[ns(na)] (up, down, total) =   4.93009  2.42079  7.35088
   spin  1
    eigenvalues: 
  0.968  0.984  0.990  0.993  0.994
    eigenvectors:
  0.003  0.212  0.000  0.778  0.007
  0.979  0.013  0.001  0.000  0.007
  0.006  0.001  0.624  0.002  0.368
  0.012  0.726  0.017  0.219  0.026
  0.000  0.049  0.357  0.001  0.592
    occupations:
  0.991  0.001 -0.000 -0.004 -0.001
  0.001  0.968 -0.002  0.002 -0.001
 -0.000 -0.002  0.992 -0.000  0.002
 -0.004  0.002 -0.000  0.986 -0.002
 -0.001 -0.001  0.002 -0.002  0.992
   spin  2
    eigenvalues: 
  0.233  0.238  0.384  0.575  0.991
    eigenvectors:
  0.772  0.172  0.038  0.019  0.000
  0.003  0.000  0.174  0.814  0.008
  0.034  0.212  0.007  0.021  0.725
  0.127  0.066  0.673  0.129  0.005
  0.063  0.550  0.108  0.018  0.261
    occupations:
  0.246  0.031  0.002  0.041  0.018
  0.031  0.544 -0.019  0.054  0.055
  0.002 -0.019  0.792  0.075 -0.318
  0.041  0.054  0.075  0.383  0.027
  0.018  0.055 -0.318  0.027  0.456
atomic mag. moment =   2.50930
atom   10   Tr[ns(na)] (up, down, total) =   2.42019  4.93045  7.35064
   spin  1
    eigenvalues: 
  0.232  0.237  0.384  0.575  0.991
    eigenvectors:
  0.772  0.172  0.037  0.019  0.000
  0.003  0.000  0.176  0.812  0.008
  0.034  0.211  0.007  0.021  0.727
  0.127  0.066  0.671  0.130  0.005
  0.064  0.550  0.109  0.018  0.259
    occupations:
  0.245 -0.031  0.003  0.041 -0.018
 -0.031  0.544  0.019 -0.054  0.055
  0.003  0.019  0.794  0.075  0.317
  0.041 -0.054  0.075  0.383 -0.028
 -0.018  0.055  0.317 -0.028  0.454
   spin  2
    eigenvalues: 
  0.968  0.984  0.990  0.993  0.994
    eigenvectors:
  0.003  0.212  0.000  0.778  0.007
  0.979  0.013  0.001  0.000  0.007
  0.006  0.001  0.626  0.002  0.366
  0.012  0.725  0.017  0.219  0.026
  0.000  0.049  0.356  0.001  0.593
    occupations:
  0.991 -0.001 -0.000 -0.004  0.001
 -0.001  0.969  0.002 -0.002 -0.001
 -0.000  0.002  0.992 -0.000 -0.002
 -0.004 -0.002 -0.000  0.986  0.002
  0.001 -0.001 -0.002  0.002  0.992
atomic mag. moment =  -2.51027
atom   11   Tr[ns(na)] (up, down, total) =   4.93009  2.42079  7.35088
   spin  1
    eigenvalues: 
  0.968  0.984  0.990  0.993  0.994
    eigenvectors:
  0.003  0.212  0.000  0.778  0.007
  0.979  0.013  0.001  0.000  0.007
  0.006  0.001  0.624  0.002  0.368
  0.012  0.726  0.017  0.219  0.026
  0.000  0.049  0.357  0.001  0.592
    occupations:
  0.991  0.001  0.000 -0.004  0.001
  0.001  0.968  0.002  0.002  0.001
  0.000  0.002  0.992  0.000  0.002
 -0.004  0.002  0.000  0.986  0.002
  0.001  0.001  0.002  0.002  0.992
   spin  2
    eigenvalues: 
  0.233  0.238  0.384  0.575  0.991
    eigenvectors:
  0.772  0.172  0.038  0.019  0.000
  0.003  0.000  0.174  0.814  0.008
  0.034  0.212  0.007  0.021  0.725
  0.127  0.066  0.673  0.129  0.005
  0.063  0.550  0.108  0.018  0.261
    occupations:
  0.246  0.031 -0.002  0.041 -0.018
  0.031  0.544  0.019  0.054 -0.055
 -0.002  0.019  0.792 -0.075 -0.318
  0.041  0.054 -0.075  0.383 -0.027
 -0.018 -0.055 -0.318 -0.027  0.456
atomic mag. moment =   2.50930
atom   12   Tr[ns(na)] (up, down, total) =   2.42019  4.93045  7.35064
   spin  1
    eigenvalues: 
  0.232  0.237  0.384  0.575  0.991
    eigenvectors:
  0.772  0.172  0.037  0.019  0.000
  0.003  0.000  0.176  0.812  0.008
  0.034  0.211  0.007  0.021  0.727
  0.127  0.066  0.671  0.130  0.005
  0.064  0.550  0.109  0.018  0.259
    occupations:
  0.245 -0.031 -0.003  0.041  0.018
 -0.031  0.544 -0.019 -0.054 -0.055
 -0.003 -0.019  0.794 -0.075  0.317
  0.041 -0.054 -0.075  0.383  0.028
  0.018 -0.055  0.317  0.028  0.454
   spin  2
    eigenvalues: 
  0.968  0.984  0.990  0.993  0.994
    eigenvectors:
  0.003  0.212  0.000  0.778  0.007
  0.979  0.013  0.001  0.000  0.007
  0.006  0.001  0.626  0.002  0.366
  0.012  0.725  0.017  0.219  0.026
  0.000  0.049  0.356  0.001  0.593
    occupations:
  0.991 -0.001  0.000 -0.004 -0.001
 -0.001  0.969 -0.002 -0.002  0.001
  0.000 -0.002  0.992  0.000 -0.002
 -0.004 -0.002  0.000  0.986 -0.002
 -0.001  0.001 -0.002 -0.002  0.992
atomic mag. moment =  -2.51027
atom   13   Tr[ns(na)] (up, down, total) =   2.50355  4.92501  7.42856
   spin  1
    eigenvalues: 
  0.309  0.325  0.374  0.506  0.990
    eigenvectors:
  0.000  0.430  0.000  0.337  0.232
  0.000  0.435  0.000  0.017  0.548
  0.822  0.000  0.178  0.000  0.000
  0.000  0.135  0.000  0.645  0.220
  0.178  0.000  0.822  0.000  0.000
    occupations:
  0.541 -0.251  0.000 -0.066  0.000
 -0.251  0.692 -0.000  0.212  0.000
  0.000 -0.000  0.321 -0.000  0.025
 -0.066  0.212 -0.000  0.588 -0.000
  0.000  0.000  0.025 -0.000  0.362
   spin  2
    eigenvalues: 
  0.973  0.982  0.986  0.991  0.993
    eigenvectors:
  0.382  0.000  0.612  0.007  0.000
  0.030  0.000  0.055  0.915  0.000
  0.000  0.166  0.000  0.000  0.834
  0.588  0.000  0.333  0.079  0.000
  0.000  0.834  0.000  0.000  0.166
    occupations:
  0.981  0.001 -0.000 -0.006  0.000
  0.001  0.990 -0.000  0.003  0.000
 -0.000 -0.000  0.991  0.000 -0.004
 -0.006  0.003  0.000  0.979 -0.000
  0.000  0.000 -0.004 -0.000  0.984
atomic mag. moment =  -2.42146
atom   14   Tr[ns(na)] (up, down, total) =   2.50355  4.92501  7.42856
   spin  1
    eigenvalues: 
  0.309  0.325  0.374  0.506  0.990
    eigenvectors:
  0.000  0.430  0.000  0.337  0.232
  0.000  0.435  0.000  0.017  0.548
  0.822  0.000  0.178  0.000  0.000
  0.000  0.135  0.000  0.645  0.220
  0.178  0.000  0.822  0.000  0.000
    occupations:
  0.541 -0.251  0.000 -0.066  0.000
 -0.251  0.692 -0.000  0.212  0.000
  0.000 -0.000  0.321 -0.000  0.025
 -0.066  0.212 -0.000  0.588 -0.000
  0.000  0.000  0.025 -0.000  0.362
   spin  2
    eigenvalues: 
  0.973  0.982  0.986  0.991  0.993
    eigenvectors:
  0.382  0.000  0.612  0.007  0.000
  0.030  0.000  0.055  0.915  0.000
  0.000  0.166  0.000  0.000  0.834
  0.588  0.000  0.333  0.079  0.000
  0.000  0.834  0.000  0.000  0.166
    occupations:
  0.981  0.001 -0.000 -0.006  0.000
  0.001  0.990 -0.000  0.003  0.000
 -0.000 -0.000  0.991  0.000 -0.004
 -0.006  0.003  0.000  0.979 -0.000
  0.000  0.000 -0.004 -0.000  0.984
atomic mag. moment =  -2.42146
atom   15   Tr[ns(na)] (up, down, total) =   4.92507  2.50333  7.42840
   spin  1
    eigenvalues: 
  0.973  0.982  0.986  0.991  0.993
    eigenvectors:
  0.382  0.000  0.611  0.007  0.000
  0.030  0.000  0.056  0.915  0.000
  0.000  0.166  0.000  0.000  0.834
  0.588  0.000  0.333  0.079  0.000
  0.000  0.834  0.000  0.000  0.166
    occupations:
  0.981 -0.001 -0.000 -0.006  0.000
 -0.001  0.990 -0.000 -0.003  0.000
 -0.000 -0.000  0.991  0.000  0.004
 -0.006 -0.003  0.000  0.979 -0.000
  0.000  0.000  0.004 -0.000  0.984
   spin  2
    eigenvalues: 
  0.309  0.325  0.374  0.506  0.990
    eigenvectors:
  0.000  0.430  0.000  0.338  0.232
  0.000  0.435  0.000  0.017  0.547
  0.822  0.000  0.178  0.000  0.000
  0.000  0.135  0.000  0.645  0.220
  0.178  0.000  0.822  0.000  0.000
    occupations:
  0.540  0.251 -0.000 -0.066  0.000
  0.251  0.692 -0.000 -0.212  0.000
 -0.000 -0.000  0.321  0.000 -0.025
 -0.066 -0.212  0.000  0.588 -0.000
  0.000  0.000 -0.025 -0.000  0.362
atomic mag. moment =   2.42174
atom   16   Tr[ns(na)] (up, down, total) =   4.92507  2.50333  7.42840
   spin  1
    eigenvalues: 
  0.973  0.982  0.986  0.991  0.993
    eigenvectors:
  0.382  0.000  0.611  0.007  0.000
  0.030  0.000  0.056  0.915  0.000
  0.000  0.166  0.000  0.000  0.834
  0.588  0.000  0.333  0.079  0.000
  0.000  0.834  0.000  0.000  0.166
    occupations:
  0.981 -0.001 -0.000 -0.006  0.000
 -0.001  0.990 -0.000 -0.003  0.000
 -0.000 -0.000  0.991  0.000  0.004
 -0.006 -0.003  0.000  0.979 -0.000
  0.000  0.000  0.004 -0.000  0.984
   spin  2
    eigenvalues: 
  0.309  0.325  0.374  0.506  0.990
    eigenvectors:
  0.000  0.430  0.000  0.338  0.232
  0.000  0.435  0.000  0.017  0.547
  0.822  0.000  0.178  0.000  0.000
  0.000  0.135  0.000  0.645  0.220
  0.178  0.000  0.822  0.000  0.000
    occupations:
  0.540  0.251 -0.000 -0.066  0.000
  0.251  0.692 -0.000 -0.212  0.000
 -0.000 -0.000  0.321  0.000 -0.025
 -0.066 -0.212  0.000  0.588 -0.000
  0.000  0.000 -0.025 -0.000  0.362
atomic mag. moment =   2.42174
N of occupied +U levels =   59.116969
 --- exit write_ns ---
 Atomic wfc used for LDA+U Projector are NOT orthogonalized
     Starting wfcs are  224 randomized atomic wfcs +   16 random wfcs
     Checking if some PAW data can be deallocated... 

     total cpu time spent up to now is       17.4 secs

     Self-consistent Calculation

     iteration #  1     ecut=    90.00 Ry     beta= 0.50
     CG style diagonalization
     c_bands:  4 eigenvalues not converged
     c_bands:  4 eigenvalues not converged
     c_bands:  5 eigenvalues not converged
     c_bands:  4 eigenvalues not converged
     c_bands:  3 eigenvalues not converged
     ethr =  1.00E-05,  avg # of iterations = 36.0
 --- enter write_ns ---
 LDA+U parameters:
U( 2)     =  3.00000000
U( 3)     =  3.00000000
atom    9   Tr[ns(na)] (up, down, total) =   4.93007  2.42087  7.35095
   spin  1
    eigenvalues: 
  0.968  0.984  0.990  0.993  0.994
    eigenvectors:
  0.003  0.213  0.000  0.777  0.007
  0.979  0.013  0.001  0.000  0.007
  0.006  0.001  0.624  0.002  0.368
  0.012  0.725  0.017  0.220  0.026
  0.000  0.049  0.358  0.001  0.592
    occupations:
  0.991  0.001 -0.000 -0.004 -0.001
  0.001  0.968 -0.002  0.002 -0.001
 -0.000 -0.002  0.992 -0.000  0.002
 -0.004  0.002 -0.000  0.986 -0.002
 -0.001 -0.001  0.002 -0.002  0.992
   spin  2
    eigenvalues: 
  0.233  0.238  0.384  0.575  0.991
    eigenvectors:
  0.775  0.169  0.038  0.019  0.000
  0.003  0.000  0.174  0.814  0.008
  0.034  0.213  0.007  0.021  0.725
  0.127  0.066  0.673  0.129  0.005
  0.062  0.552  0.108  0.017  0.261
    occupations:
  0.246  0.031  0.002  0.041  0.018
  0.031  0.544 -0.019  0.054  0.055
  0.002 -0.019  0.792  0.075 -0.318
  0.041  0.054  0.075  0.383  0.027
  0.018  0.055 -0.318  0.027  0.456
atomic mag. moment =   2.50920
atom   10   Tr[ns(na)] (up, down, total) =   2.42007  4.93041  7.35048
   spin  1
    eigenvalues: 
  0.232  0.237  0.384  0.575  0.991
    eigenvectors:
  0.774  0.170  0.037  0.019  0.000
  0.003  0.000  0.176  0.812  0.008
  0.034  0.211  0.007  0.021  0.727
  0.126  0.067  0.672  0.130  0.005
  0.063  0.551  0.109  0.018  0.259
    occupations:
  0.245 -0.031  0.003  0.041 -0.018
 -0.031  0.544  0.019 -0.054  0.055
  0.003  0.019  0.794  0.075  0.317
  0.041 -0.054  0.075  0.383 -0.028
 -0.018  0.055  0.317 -0.028  0.454
   spin  2
    eigenvalues: 
  0.968  0.984  0.990  0.993  0.994
    eigenvectors:
  0.003  0.213  0.000  0.777  0.007
  0.979  0.013  0.001  0.000  0.007
  0.006  0.001  0.625  0.002  0.367
  0.012  0.725  0.017  0.220  0.026
  0.000  0.049  0.357  0.001  0.593
    occupations:
  0.991 -0.001 -0.000 -0.004  0.001
 -0.001  0.969  0.002 -0.002 -0.001
 -0.000  0.002  0.992 -0.000 -0.002
 -0.004 -0.002 -0.000  0.986  0.002
  0.001 -0.001 -0.002  0.002  0.992
atomic mag. moment =  -2.51034
atom   11   Tr[ns(na)] (up, down, total) =   4.93007  2.42087  7.35095
   spin  1
    eigenvalues: 
  0.968  0.984  0.990  0.993  0.994
    eigenvectors:
  0.003  0.213  0.000  0.777  0.007
  0.979  0.013  0.001  0.000  0.007
  0.006  0.001  0.624  0.002  0.368
  0.012  0.725  0.017  0.220  0.026
  0.000  0.049  0.358  0.001  0.592
    occupations:
  0.991  0.001  0.000 -0.004  0.001
  0.001  0.968  0.002  0.002  0.001
  0.000  0.002  0.992  0.000  0.002
 -0.004  0.002  0.000  0.986  0.002
  0.001  0.001  0.002  0.002  0.992
   spin  2
    eigenvalues: 
  0.233  0.238  0.384  0.575  0.991
    eigenvectors:
  0.775  0.169  0.038  0.019  0.000
  0.003  0.000  0.174  0.814  0.008
  0.034  0.213  0.007  0.021  0.725
  0.127  0.066  0.673  0.129  0.005
  0.062  0.552  0.108  0.017  0.261
    occupations:
  0.246  0.031 -0.002  0.041 -0.018
  0.031  0.544  0.019  0.054 -0.055
 -0.002  0.019  0.792 -0.075 -0.318
  0.041  0.054 -0.075  0.383 -0.027
 -0.018 -0.055 -0.318 -0.027  0.456
atomic mag. moment =   2.50920
atom   12   Tr[ns(na)] (up, down, total) =   2.42007  4.93041  7.35048
   spin  1
    eigenvalues: 
  0.232  0.237  0.384  0.575  0.991
    eigenvectors:
  0.774  0.170  0.037  0.019  0.000
  0.003  0.000  0.176  0.812  0.008
  0.034  0.211  0.007  0.021  0.727
  0.126  0.067  0.672  0.130  0.005
  0.063  0.551  0.109  0.018  0.259
    occupations:
  0.245 -0.031 -0.003  0.041  0.018
 -0.031  0.544 -0.019 -0.054 -0.055
 -0.003 -0.019  0.794 -0.075  0.317
  0.041 -0.054 -0.075  0.383  0.028
  0.018 -0.055  0.317  0.028  0.454
   spin  2
    eigenvalues: 
  0.968  0.984  0.990  0.993  0.994
    eigenvectors:
  0.003  0.213  0.000  0.777  0.007
  0.979  0.013  0.001  0.000  0.007
  0.006  0.001  0.625  0.002  0.367
  0.012  0.725  0.017  0.220  0.026
  0.000  0.049  0.357  0.001  0.593
    occupations:
  0.991 -0.001  0.000 -0.004 -0.001
 -0.001  0.969 -0.002 -0.002  0.001
  0.000 -0.002  0.992  0.000 -0.002
 -0.004 -0.002  0.000  0.986 -0.002
 -0.001  0.001 -0.002 -0.002  0.992
atomic mag. moment =  -2.51034
atom   13   Tr[ns(na)] (up, down, total) =   2.50372  4.92491  7.42863
   spin  1
    eigenvalues: 
  0.309  0.325  0.374  0.506  0.990
    eigenvectors:
  0.000  0.430  0.000  0.338  0.232
  0.000  0.435  0.000  0.017  0.548
  0.822  0.000  0.178  0.000  0.000
  0.000  0.135  0.000  0.645  0.220
  0.178  0.000  0.822  0.000  0.000
    occupations:
  0.541 -0.251 -0.000 -0.066  0.000
 -0.251  0.692 -0.000  0.212  0.000
 -0.000 -0.000  0.321  0.000  0.025
 -0.066  0.212  0.000  0.588 -0.000
  0.000  0.000  0.025 -0.000  0.362
   spin  2
    eigenvalues: 
  0.973  0.982  0.986  0.991  0.993
    eigenvectors:
  0.382  0.000  0.611  0.007  0.000
  0.030  0.000  0.057  0.913  0.000
  0.000  0.166  0.000  0.000  0.834
  0.588  0.000  0.332  0.080  0.000
  0.000  0.834  0.000  0.000  0.166
    occupations:
  0.981  0.001 -0.000 -0.006  0.000
  0.001  0.990 -0.000  0.003  0.000
 -0.000 -0.000  0.991  0.000 -0.004
 -0.006  0.003  0.000  0.979 -0.000
  0.000  0.000 -0.004 -0.000  0.984
atomic mag. moment =  -2.42119
atom   14   Tr[ns(na)] (up, down, total) =   2.50372  4.92491  7.42863
   spin  1
    eigenvalues: 
  0.309  0.325  0.374  0.506  0.990
    eigenvectors:
  0.000  0.430  0.000  0.338  0.232
  0.000  0.435  0.000  0.017  0.548
  0.822  0.000  0.178  0.000  0.000
  0.000  0.135  0.000  0.645  0.220
  0.178  0.000  0.822  0.000  0.000
    occupations:
  0.541 -0.251 -0.000 -0.066  0.000
 -0.251  0.692 -0.000  0.212  0.000
 -0.000 -0.000  0.321  0.000  0.025
 -0.066  0.212  0.000  0.588 -0.000
  0.000  0.000  0.025 -0.000  0.362
   spin  2
    eigenvalues: 
  0.973  0.982  0.986  0.991  0.993
    eigenvectors:
  0.382  0.000  0.611  0.007  0.000
  0.030  0.000  0.057  0.913  0.000
  0.000  0.166  0.000  0.000  0.834
  0.588  0.000  0.332  0.080  0.000
  0.000  0.834  0.000  0.000  0.166
    occupations:
  0.981  0.001 -0.000 -0.006  0.000
  0.001  0.990 -0.000  0.003  0.000
 -0.000 -0.000  0.991  0.000 -0.004
 -0.006  0.003  0.000  0.979 -0.000
  0.000  0.000 -0.004 -0.000  0.984
atomic mag. moment =  -2.42119
atom   15   Tr[ns(na)] (up, down, total) =   4.92498  2.50341  7.42838
   spin  1
    eigenvalues: 
  0.973  0.982  0.986  0.991  0.993
    eigenvectors:
  0.383  0.000  0.610  0.007  0.000
  0.030  0.000  0.057  0.913  0.000
  0.000  0.166  0.000  0.000  0.834
  0.587  0.000  0.333  0.080  0.000
  0.000  0.834  0.000  0.000  0.166
    occupations:
  0.981 -0.001 -0.000 -0.006  0.000
 -0.001  0.990 -0.000 -0.003  0.000
 -0.000 -0.000  0.991  0.000  0.004
 -0.006 -0.003  0.000  0.979 -0.000
  0.000  0.000  0.004 -0.000  0.984
   spin  2
    eigenvalues: 
  0.309  0.325  0.374  0.506  0.990
    eigenvectors:
  0.000  0.430  0.000  0.338  0.232
  0.000  0.435  0.000  0.017  0.547
  0.822  0.000  0.178  0.000  0.000
  0.000  0.135  0.000  0.645  0.220
  0.178  0.000  0.822  0.000  0.000
    occupations:
  0.540  0.251 -0.000 -0.066  0.000
  0.251  0.692 -0.000 -0.212  0.000
 -0.000 -0.000  0.321  0.000 -0.025
 -0.066 -0.212  0.000  0.588 -0.000
  0.000  0.000 -0.025 -0.000  0.362
atomic mag. moment =   2.42157
atom   16   Tr[ns(na)] (up, down, total) =   4.92498  2.50341  7.42838
   spin  1
    eigenvalues: 
  0.973  0.982  0.986  0.991  0.993
    eigenvectors:
  0.383  0.000  0.610  0.007  0.000
  0.030  0.000  0.057  0.913  0.000
  0.000  0.166  0.000  0.000  0.834
  0.587  0.000  0.333  0.080  0.000
  0.000  0.834  0.000  0.000  0.166
    occupations:
  0.981 -0.001 -0.000 -0.006  0.000
 -0.001  0.990 -0.000 -0.003  0.000
 -0.000 -0.000  0.991  0.000  0.004
 -0.006 -0.003  0.000  0.979 -0.000
  0.000  0.000  0.004 -0.000  0.984
   spin  2
    eigenvalues: 
  0.309  0.325  0.374  0.506  0.990
    eigenvectors:
  0.000  0.430  0.000  0.338  0.232
  0.000  0.435  0.000  0.017  0.547
  0.822  0.000  0.178  0.000  0.000
  0.000  0.135  0.000  0.645  0.220
  0.178  0.000  0.822  0.000  0.000
    occupations:
  0.540  0.251 -0.000 -0.066  0.000
  0.251  0.692 -0.000 -0.212  0.000
 -0.000 -0.000  0.321  0.000 -0.025
 -0.066 -0.212  0.000  0.588 -0.000
  0.000  0.000 -0.025 -0.000  0.362
atomic mag. moment =   2.42157
N of occupied +U levels =   59.116892
 --- exit write_ns ---

     RESET ns to initial values (iter <= mixing_fixed_ns)


     Threshold (ethr) on eigenvalues was too large:
     Diagonalizing with lowered threshold

     CG style diagonalization
     c_bands:  1 eigenvalues not converged
     c_bands:  1 eigenvalues not converged
     c_bands:  2 eigenvalues not converged
     c_bands:  1 eigenvalues not converged
     ethr =  3.30E-08,  avg # of iterations = 14.8

     RESET ns to initial values (iter <= mixing_fixed_ns)


     total cpu time spent up to now is      764.0 secs

     total energy              =   -5930.10579125 Ry
     estimated scf accuracy    <       0.00000654 Ry

     total magnetization       =    -0.00 Bohr mag/cell
     absolute magnetization    =    25.87 Bohr mag/cell

     iteration #  2     ecut=    90.00 Ry     beta= 0.50
     CG style diagonalization
     c_bands:  1 eigenvalues not converged
     ethr =  1.95E-09,  avg # of iterations = 14.4

     RESET ns to initial values (iter <= mixing_fixed_ns)


     total cpu time spent up to now is      963.9 secs

     total energy              =   -5930.10598430 Ry
     estimated scf accuracy    <       0.00001832 Ry

     total magnetization       =    -0.00 Bohr mag/cell
     absolute magnetization    =    25.86 Bohr mag/cell

     iteration #  3     ecut=    90.00 Ry     beta= 0.50
     CG style diagonalization
     c_bands:  1 eigenvalues not converged
     ethr =  1.95E-09,  avg # of iterations =  4.2

     RESET ns to initial values (iter <= mixing_fixed_ns)


     total cpu time spent up to now is     1023.3 secs

     total energy              =   -5930.10599233 Ry
     estimated scf accuracy    <       0.00000176 Ry

     total magnetization       =    -0.00 Bohr mag/cell
     absolute magnetization    =    25.87 Bohr mag/cell

     iteration #  4     ecut=    90.00 Ry     beta= 0.50
     CG style diagonalization
     c_bands:  2 eigenvalues not converged
     ethr =  5.23E-10,  avg # of iterations =  5.5

     RESET ns to initial values (iter <= mixing_fixed_ns)


     total cpu time spent up to now is     1102.1 secs

     total energy              =   -5930.10599642 Ry
     estimated scf accuracy    <       0.00000187 Ry

     total magnetization       =     0.00 Bohr mag/cell
     absolute magnetization    =    25.87 Bohr mag/cell

     iteration #  5     ecut=    90.00 Ry     beta= 0.50
     CG style diagonalization
     ethr =  5.23E-10,  avg # of iterations =  4.1

     RESET ns to initial values (iter <= mixing_fixed_ns)

 
     Magnetic moment per site  (integrated on atomic sphere of radius R)
     atom   1 (R=0.182)  charge=  7.0417  magn=  0.0007
     atom   2 (R=0.182)  charge=  7.0417  magn=  0.0007
     atom   3 (R=0.182)  charge=  7.0417  magn= -0.0006
     atom   4 (R=0.182)  charge=  7.0417  magn= -0.0006
     atom   5 (R=0.182)  charge=  7.0417  magn=  0.0007
     atom   6 (R=0.182)  charge=  7.0417  magn=  0.0007
     atom   7 (R=0.182)  charge=  7.0417  magn= -0.0006
     atom   8 (R=0.182)  charge=  7.0417  magn= -0.0006
     atom   9 (R=0.134)  charge= 13.6929  magn=  2.5832
     atom  10 (R=0.134)  charge= 13.6915  magn= -2.5832
     atom  11 (R=0.134)  charge= 13.6929  magn=  2.5832
     atom  12 (R=0.134)  charge= 13.6915  magn= -2.5832
     atom  13 (R=0.134)  charge= 13.7249  magn= -2.5287
     atom  14 (R=0.134)  charge= 13.7249  magn= -2.5287
     atom  15 (R=0.134)  charge= 13.7262  magn=  2.5291
     atom  16 (R=0.134)  charge= 13.7262  magn=  2.5291
     atom  17 (R=0.134)  charge=  4.9959  magn=  0.0767
     atom  18 (R=0.134)  charge=  4.9959  magn=  0.0767
     atom  19 (R=0.134)  charge=  4.9959  magn= -0.0766
     atom  20 (R=0.134)  charge=  4.9959  magn= -0.0766
     atom  21 (R=0.134)  charge=  4.9959  magn=  0.0767
     atom  22 (R=0.134)  charge=  4.9959  magn=  0.0767
     atom  23 (R=0.134)  charge=  4.9959  magn= -0.0766
     atom  24 (R=0.134)  charge=  4.9959  magn= -0.0766
     atom  25 (R=0.134)  charge=  4.9575  magn= -0.1598
     atom  26 (R=0.134)  charge=  4.9575  magn= -0.1598
     atom  27 (R=0.134)  charge=  4.9574  magn=  0.1597
     atom  28 (R=0.134)  charge=  4.9574  magn=  0.1597
     atom  29 (R=0.134)  charge=  4.9575  magn= -0.1598
     atom  30 (R=0.134)  charge=  4.9575  magn= -0.1598
     atom  31 (R=0.134)  charge=  4.9574  magn=  0.1597
     atom  32 (R=0.134)  charge=  4.9574  magn=  0.1597
     atom  33 (R=0.134)  charge=  4.9910  magn= -0.0075
     atom  34 (R=0.134)  charge=  4.9910  magn= -0.0075
     atom  35 (R=0.134)  charge=  4.9911  magn=  0.0078
     atom  36 (R=0.134)  charge=  4.9911  magn=  0.0078

     total cpu time spent up to now is     1159.3 secs

     End of self-consistent calculation
 --- enter write_ns ---
 LDA+U parameters:
U( 2)     =  3.00000000
U( 3)     =  3.00000000
atom    9   Tr[ns(na)] (up, down, total) =   4.93009  2.42079  7.35088
   spin  1
    eigenvalues: 
  0.968  0.984  0.990  0.993  0.994
    eigenvectors:
  0.003  0.212  0.000  0.778  0.007
  0.979  0.013  0.001  0.000  0.007
  0.006  0.001  0.624  0.002  0.368
  0.012  0.726  0.017  0.219  0.026
  0.000  0.049  0.357  0.001  0.592
    occupations:
  0.991  0.001 -0.000 -0.004 -0.001
  0.001  0.968 -0.002  0.002 -0.001
 -0.000 -0.002  0.992 -0.000  0.002
 -0.004  0.002 -0.000  0.986 -0.002
 -0.001 -0.001  0.002 -0.002  0.992
   spin  2
    eigenvalues: 
  0.233  0.238  0.384  0.575  0.991
    eigenvectors:
  0.772  0.172  0.038  0.019  0.000
  0.003  0.000  0.174  0.814  0.008
  0.034  0.212  0.007  0.021  0.725
  0.127  0.066  0.673  0.129  0.005
  0.063  0.550  0.108  0.018  0.261
    occupations:
  0.246  0.031  0.002  0.041  0.018
  0.031  0.544 -0.019  0.054  0.055
  0.002 -0.019  0.792  0.075 -0.318
  0.041  0.054  0.075  0.383  0.027
  0.018  0.055 -0.318  0.027  0.456
atomic mag. moment =   2.50930
atom   10   Tr[ns(na)] (up, down, total) =   2.42019  4.93045  7.35064
   spin  1
    eigenvalues: 
  0.232  0.237  0.384  0.575  0.991
    eigenvectors:
  0.772  0.172  0.037  0.019  0.000
  0.003  0.000  0.176  0.812  0.008
  0.034  0.211  0.007  0.021  0.727
  0.127  0.066  0.671  0.130  0.005
  0.064  0.550  0.109  0.018  0.259
    occupations:
  0.245 -0.031  0.003  0.041 -0.018
 -0.031  0.544  0.019 -0.054  0.055
  0.003  0.019  0.794  0.075  0.317
  0.041 -0.054  0.075  0.383 -0.028
 -0.018  0.055  0.317 -0.028  0.454
   spin  2
    eigenvalues: 
  0.968  0.984  0.990  0.993  0.994
    eigenvectors:
  0.003  0.212  0.000  0.778  0.007
  0.979  0.013  0.001  0.000  0.007
  0.006  0.001  0.626  0.002  0.366
  0.012  0.725  0.017  0.219  0.026
  0.000  0.049  0.356  0.001  0.593
    occupations:
  0.991 -0.001 -0.000 -0.004  0.001
 -0.001  0.969  0.002 -0.002 -0.001
 -0.000  0.002  0.992 -0.000 -0.002
 -0.004 -0.002 -0.000  0.986  0.002
  0.001 -0.001 -0.002  0.002  0.992
atomic mag. moment =  -2.51027
atom   11   Tr[ns(na)] (up, down, total) =   4.93009  2.42079  7.35088
   spin  1
    eigenvalues: 
  0.968  0.984  0.990  0.993  0.994
    eigenvectors:
  0.003  0.212  0.000  0.778  0.007
  0.979  0.013  0.001  0.000  0.007
  0.006  0.001  0.624  0.002  0.368
  0.012  0.726  0.017  0.219  0.026
  0.000  0.049  0.357  0.001  0.592
    occupations:
  0.991  0.001  0.000 -0.004  0.001
  0.001  0.968  0.002  0.002  0.001
  0.000  0.002  0.992  0.000  0.002
 -0.004  0.002  0.000  0.986  0.002
  0.001  0.001  0.002  0.002  0.992
   spin  2
    eigenvalues: 
  0.233  0.238  0.384  0.575  0.991
    eigenvectors:
  0.772  0.172  0.038  0.019  0.000
  0.003  0.000  0.174  0.814  0.008
  0.034  0.212  0.007  0.021  0.725
  0.127  0.066  0.673  0.129  0.005
  0.063  0.550  0.108  0.018  0.261
    occupations:
  0.246  0.031 -0.002  0.041 -0.018
  0.031  0.544  0.019  0.054 -0.055
 -0.002  0.019  0.792 -0.075 -0.318
  0.041  0.054 -0.075  0.383 -0.027
 -0.018 -0.055 -0.318 -0.027  0.456
atomic mag. moment =   2.50930
atom   12   Tr[ns(na)] (up, down, total) =   2.42019  4.93045  7.35064
   spin  1
    eigenvalues: 
  0.232  0.237  0.384  0.575  0.991
    eigenvectors:
  0.772  0.172  0.037  0.019  0.000
  0.003  0.000  0.176  0.812  0.008
  0.034  0.211  0.007  0.021  0.727
  0.127  0.066  0.671  0.130  0.005
  0.064  0.550  0.109  0.018  0.259
    occupations:
  0.245 -0.031 -0.003  0.041  0.018
 -0.031  0.544 -0.019 -0.054 -0.055
 -0.003 -0.019  0.794 -0.075  0.317
  0.041 -0.054 -0.075  0.383  0.028
  0.018 -0.055  0.317  0.028  0.454
   spin  2
    eigenvalues: 
  0.968  0.984  0.990  0.993  0.994
    eigenvectors:
  0.003  0.212  0.000  0.778  0.007
  0.979  0.013  0.001  0.000  0.007
  0.006  0.001  0.626  0.002  0.366
  0.012  0.725  0.017  0.219  0.026
  0.000  0.049  0.356  0.001  0.593
    occupations:
  0.991 -0.001  0.000 -0.004 -0.001
 -0.001  0.969 -0.002 -0.002  0.001
  0.000 -0.002  0.992  0.000 -0.002
 -0.004 -0.002  0.000  0.986 -0.002
 -0.001  0.001 -0.002 -0.002  0.992
atomic mag. moment =  -2.51027
atom   13   Tr[ns(na)] (up, down, total) =   2.50355  4.92501  7.42856
   spin  1
    eigenvalues: 
  0.309  0.325  0.374  0.506  0.990
    eigenvectors:
